C1 = -1.440458 
C2 = -2.140635 
C3 = -0.186962 

P11 = -0.000119 
P12 = 0.000740 
P13 = 0.156989 
P21 = -0.000085 
P22 = -0.000393 
P23 = 1.129115 
P31 = 0.000827 
P32 = 0.000065 
P33 = -0.402763 
