C1 = -1.318329 
C2 = 0.059578 
C3 = -2.064033 

P11 = 0.000010 
P12 = 0.000779 
P13 = -0.033211 
P21 = -0.000836 
P22 = 0.000021 
P23 = 0.484981 
P31 = -0.000031 
P32 = -0.000308 
P33 = 1.104881 
