C1 = -2.199436 
C2 = -2.062601 
C3 = -0.142534 

P11 = -0.000042 
P12 = 0.000670 
P13 = 0.281636 
P21 = 0.000120 
P22 = -0.000486 
P23 = 0.969507 
P31 = 0.000825 
P32 = 0.000105 
P33 = -0.662446 
