C1 = -1.412487 
C2 = 2.250293 
C3 = 0.427387 

P11 = 0.000116 
P12 = 0.000768 
P13 = -0.088834 
P21 = 0.000054 
P22 = 0.000305 
P23 = -1.116307 
P31 = -0.000825 
P32 = 0.000129 
P33 = 0.436064 
