K11 = 1187.5868957260557000
K12 = 0.0000000000000000
K13 = 639.5000000000000000
K21 = 0.0000000000000000
K22 = 1185.1006266532654000
K23 = 511.5000000000000000
K31 = 0.0000000000000000
K32 = 0.0000000000000000
K33 = 1.0000000000000000

kc1 = -0.0691778690085307
kc2 = 0.0000000000000000
kc3 = 0.0000000000000000
kc4 = 0.0000000000000000
