C1 = -2.263251 
C2 = 2.205050 
C3 = 0.703172 

P11 = 0.000151 
P12 = 0.000728 
P13 = -0.019423 
P21 = 0.000321 
P22 = 0.000299 
P23 = -1.207174 
P31 = -0.000754 
P32 = 0.000273 
P33 = 0.065444 
