K11 = 1198.8931517975784000
K12 = 0.0000000000000000
K13 = 639.5000000000000000
K21 = 0.0000000000000000
K22 = 1198.0275571731729000
K23 = 511.5000000000000000
K31 = 0.0000000000000000
K32 = 0.0000000000000000
K33 = 1.0000000000000000

kc1 = -0.0800154933832316
kc2 = 0.0000000000000000
kc3 = 0.0000000000000000
kc4 = 0.0000000000000000
