K11 = 1199.9340429735992000
K12 = 0.0000000000000000
K13 = 639.5000000000000000
K21 = 0.0000000000000000
K22 = 1200.4649756127842000
K23 = 511.5000000000000000
K31 = 0.0000000000000000
K32 = 0.0000000000000000
K33 = 1.0000000000000000

kc1 = -0.0773265457039146
kc2 = 0.0000000000000000
kc3 = 0.0000000000000000
kc4 = 0.0000000000000000
