C1 = -2.074947 
C2 = 0.108721 
C3 = -2.012048 

P11 = 0.000053 
P12 = 0.000702 
P13 = 0.141558 
P21 = -0.000816 
P22 = 0.000137 
P23 = 0.299951 
P31 = -0.000173 
P32 = -0.000434 
P33 = 1.164352 
