C1 = -2.535676 
C2 = -0.507611 
C3 = 2.703201 

P11 = -0.000084 
P12 = 0.000534 
P13 = 0.537945 
P21 = 0.000828 
P22 = -0.000017 
P23 = -0.358698 
P31 = 0.000092 
P32 = 0.000649 
P33 = -1.023714 
