C1 = -1.648526 
C2 = -0.194759 
C3 = 2.635771 

P11 = -0.000019 
P12 = 0.000782 
P13 = -0.058387 
P21 = 0.000832 
P22 = 0.000036 
P23 = -0.587116 
P31 = -0.000053 
P32 = 0.000287 
P33 = -1.056618 
