K11 = 1195.3071079853980000
K12 = 0.0000000000000000
K13 = 639.5000000000000000
K21 = 0.0000000000000000
K22 = 1193.0935041305313000
K23 = 511.5000000000000000
K31 = 0.0000000000000000
K32 = 0.0000000000000000
K33 = 1.0000000000000000

kc1 = -0.0490900010228404
kc2 = 0.0000000000000000
kc3 = 0.0000000000000000
kc4 = 0.0000000000000000
