C1 = -0.260812 
C2 = 0.753574 
C3 = -0.702768 

P11 = 0.000022 
P12 = -0.000676 
P13 = -0.249123 
P21 = -0.000684 
P22 = 0.000257 
P23 = -0.171313 
P31 = -0.000468 
P32 = -0.000410 
P33 = 1.168283 
