C1 = -0.091696 
C2 = -1.004929 
C3 = -0.379442 

P11 = -0.000006 
P12 = -0.000724 
P13 = -0.086416 
P21 = -0.000300 
P22 = -0.000369 
P23 = 1.208025 
P31 = 0.000772 
P32 = -0.000153 
P33 = -0.092742 
