C1 = -0.740610 
C2 = -0.847901 
C3 = 1.795246 

P11 = -0.000086 
P12 = -0.000836 
P13 = 0.415466 
P21 = 0.000795 
P22 = -0.000104 
P23 = -0.175942 
P31 = 0.000263 
P32 = 0.000035 
P33 = -1.143875 
