C1 = -0.748132 
C2 = 0.720297 
C3 = -0.846331 

P11 = 0.000025 
P12 = -0.000789 
P13 = 0.082614 
P21 = -0.000695 
P22 = 0.000105 
P23 = -0.135821 
P31 = -0.000443 
P32 = -0.000212 
P33 = 1.185756 
