C1 = -0.824627 
C2 = 1.118578 
C3 = 1.519485 

P11 = -0.000056 
P12 = -0.000827 
P13 = 0.278002 
P21 = 0.000584 
P22 = 0.000063 
P23 = -1.138917 
P31 = -0.000600 
P32 = 0.000136 
P33 = -0.342724 
