C1 = -0.615672 
C2 = -1.093058 
C3 = -0.365343 

P11 = -0.000057 
P12 = -0.000796 
P13 = 0.149638 
P21 = -0.000429 
P22 = -0.000176 
P23 = 1.186337 
P31 = 0.000713 
P32 = -0.000170 
P33 = 0.118762 
