C1 = -0.225092 
C2 = -0.895435 
C3 = 1.746322 

P11 = 0.000130 
P12 = -0.000771 
P13 = -0.055543 
P21 = 0.000782 
P22 = -0.000012 
P23 = -0.106370 
P31 = 0.000304 
P32 = 0.000355 
P33 = -1.221660 
