C1 = -0.371694 
C2 = 1.104294 
C3 = 1.482593 

P11 = -0.000100 
P12 = -0.000774 
P13 = 0.092851 
P21 = 0.000532 
P22 = 0.000181 
P23 = -1.203934 
P31 = -0.000635 
P32 = 0.000273 
P33 = -0.257041 
