<?xml version="1.0"?>
<opencv_storage>
<Q type_id="opencv-matrix">
  <rows>4</rows>
  <cols>4</cols>
  <dt>d</dt>
  <data>
    1. 0. 0. -6.1025042819976807e+002 0. 1. 0. -4.8568263101577759e+002
    0. 0. 0. 9.2274925889628616e+002 0. 0. -2.5169585816759523e-003
    1.0467816499569984e+000</data></Q>
</opencv_storage>
